% time     seconds  usecs/call     calls    errors syscall
------ ----------- ----------- --------- --------- ----------------
 84,20    0,011535          71       162        62 futex
  9,88    0,001354         677         2         2 restart_syscall
  4,08    0,000559         186         3           accept4
  0,81    0,000111          15         7           write
  0,21    0,000029           3         9           setsockopt
  0,18    0,000024           8         3           sendto
  0,17    0,000023           2         9           poll
  0,16    0,000022           3         6         3 shutdown
  0,12    0,000017           2         6           recvfrom
  0,10    0,000014           4         3           close
  0,05    0,000007           2         3           getpeername
  0,04    0,000005           1         3           getsockname
------ ----------- ----------- --------- --------- ----------------
100,00    0,013700          63       216        67 total
